25
13 18 3 24 10 4 21
6 7 14 24
9 22 21 14 2 23 8
21 3 5 12 10 16 19 9 23 6 2 18 14 15 13 7 8
16 22 17 21 18 19 13 10 3 24 4 1 2 7 11 12 8 9 23 15
10 13 20 1 14 16 5
19 6 4
21 9 12 22 16 5 19 24 1 15 11 14 25 7 4 17 10 6
7 19 17 21 4 12 8 5 14 11 23 15 24 6 20
18 4 22 11 13 2 17 20 1 8 3 15 9 6 23 19 5 24 25 16 12 14 7
21 16 8 7 9 19 15 13 24 17 3 2 22 18 1 12 6 5 14 4 10 20
6 14 2 22 20 8 16 13 9 3 4 5 17 15 19 11 1 10 7
14
3 5 10 15 19 22 21 11 4 2 6 8 12 20 9 1 16
16 2 17 3 14 21 5 23 24 6 19 8 18 1 20 11 4 10 9 7 25 22 13
18
1 12 20 15 25 13 18 22 24 11 6 14 4 19 16 3 10 8 23
23 6 11 15 1 22 25 17
6 10 3 9 2 23 24 22 12 7 1 5 14 13 11 20 25 18 17 15 16 4 8
25 19 9 23 8 24 16 2 3 5 17 11 10 12 15 22
22 8
13 3 4 14 1 19 15 7 5 10 9 25 6 2 8
24 1 5 13 6 8 9 12 10 19 7 22 16 18 25 11 4 20 21 14 2
14 7 1
11 12 23 20 14 1 22 15 18 16 13 4